  1,  -25.7999992,         -18.
      2,   51.5999985,         -18.
      3,   51.5999985,           0.
      4,   25.7999992,           0.
      5,           0.,           0.
      6,  -25.7999992,           0.
      7, -0.00100180507,   15.8691225
      8,   25.7999992,           2.
      9,   23.4997063,           2.
     10,    22.005312,          2.5
     11,           5.,   17.2326546
     12,   3.10693121,   18.0016041
     13,   2.99987364,          15.
     14,   17.9998741,           2.
     15,   2.99987364,           2.
     16,  -22.8230762,         -18.
     17,  -19.8461533,         -18.
     18,  -16.8692303,         -18.
     19,  -13.8923073,         -18.
     20,  -10.9153843,         -18.
     21,   -7.9384613,         -18.
     22,  -4.96153831,         -18.
     23,  -1.98461533,         -18.
     24,  0.992307663,         -18.
     25,   3.96923065,         -18.
     26,   6.94615364,         -18.
     27,   9.92307663,         -18.
     28,   12.8999996,         -18.
     29,   15.8769226,         -18.
     30,   18.8538456,         -18.
     31,   21.8307686,         -18.
     32,   24.8076916,         -18.
     33,   27.7846146,         -18.
     34,   30.7615376,         -18.
     35,   33.7384605,         -18.
     36,   36.7153854,         -18.
     37,   39.6923065,         -18.
     38,   42.6692314,         -18.
     39,   45.6461525,         -18.
     40,   48.6230774,         -18.
     41,   51.5999985,         -15.
     42,   51.5999985,         -12.
     43,   51.5999985,          -9.
     44,   51.5999985,          -6.
     45,   51.5999985,          -3.
     46,   48.7333336,           0.
     47,   45.8666649,           0.
     48,          43.,           0.
     49,   40.1333351,           0.
     50,   37.2666664,           0.
     51,   34.4000015,           0.
     52,   31.5333328,           0.
     53,    28.666666,           0.
     54,   22.9333324,           0.
     55,   20.0666676,           0.
     56,   17.2000008,           0.
     57,    14.333333,           0.
     58,   11.4666662,           0.
     59,   8.60000038,           0.
     60,   5.73333311,           0.
     61,   2.86666656,           0.
     62,  -2.86666656,           0.
     63,  -5.73333311,           0.
     64,  -8.60000038,           0.
     65,  -11.4666662,           0.
     66,   -14.333333,           0.
     67,  -17.2000008,           0.
     68,  -20.0666676,           0.
     69,  -22.9333324,           0.
     70,  -25.7999992,          -3.
     71,  -25.7999992,          -6.
     72,  -25.7999992,          -9.
     73,  -25.7999992,         -12.
     74,  -25.7999992,         -15.
     75, -0.000801444054,   12.6952982
     76, -0.00060108304,   9.52147388
     77, -0.000400722027,    6.3476491
     78, -0.000200361013,   3.17382455
     79,    19.575983,    4.6046648
     80,   17.1466522,   6.70933008
     81,   14.7173214,   8.81399536
     82,   12.2879915,   10.9186602
     83,    9.8586607,    13.023325
     84,   7.42933035,   15.1279898
     85,   1.19250119,   17.4607124
     86,   5.14273071,   13.1428576
     87,   7.28558826,   11.2857141
     88,   9.42844486,    9.4285717
     89,   11.5713024,   7.57142878
     90,    13.714159,   5.71428585
     91,   15.8570166,   3.85714293
     92,   14.9998741,           2.
     93,   11.9998741,           2.
     94,   8.99987411,           2.
     95,   5.99987364,           2.
     96,   2.99987364,         5.25
     97,   2.99987364,          8.5
     98,   2.99987364,        11.75
     99,  -21.7447052,  -15.2973843
    100,  -12.4024878,  -15.4246674
    101,   41.1817245,   -15.431159
    102,   14.3884611,  -15.4308968
    103,   47.5426559,  -15.3335304
    104,   44.2873611,  -15.3489447
    105,   38.2038727,  -15.4309053
    106,   35.2269096,   -15.431241
    107,   32.2499962,   -15.431427
    108,    29.273077,  -15.4316435
    109,    26.296154,  -15.4312983
    110,    23.319231,  -15.4314566
    111,   24.3666668,  -2.49104285
    112,    20.342308,  -15.4318409
    113,   17.3653851,  -15.4321756
    114,   11.4115381,  -15.4313812
    115,   8.43461514,   -15.431489
    116,   5.45769215,  -15.4314775
    117,   2.48076916,  -15.4312706
    118, -0.496153831,  -15.4312353
    119,  -1.43333256,  -2.49142456
    120,  -3.47307158,  -15.4316187
    121,  -6.44996119,  -15.4317017
    122,  -9.42646408,  -15.4300451
    123,  -15.3816671,  -15.3955288
    124,   -18.490406,  -15.2758722
    125,   48.9416389,  -7.49682617
    126,   48.9283867,  -10.4997749
    127,   27.2333336,  -2.49183512
    128,   30.1000004,  -2.49182749
    129,   32.9666672,  -2.49163651
    130,   35.8333321,  -2.49186182
    131,   38.6978264,  -2.49412465
    132,   41.5652542,  -2.51984048
    133,   44.5327187,  -2.62651062
    134,   47.6761551,  -2.67446089
    135,   1.43333387,  -2.49153352
    136,   4.30000019,  -2.49158168
    137,   7.16666651,  -2.49179435
    138,   10.0333338,  -2.49186492
    139,   12.8999996,  -2.49205399
    140,   15.7666664,  -2.49188089
    141,   18.6333332,  -2.49195933
    142,         21.5,   -2.4923749
    143,  -21.8948879,  -2.65179634
    144,  -18.7649212,  -2.59399462
    145,  -15.7845936,  -2.50332642
    146,  -12.9024982,  -2.49384379
    147,  -10.0336885,  -2.49257541
    148,   -7.1667223,  -2.49198818
    149,  -4.30000591,   -2.4924922
    150,  -23.1411591,  -10.4099865
    151,  -23.1900749,  -7.40301132
    152,   22.9802952,  -5.02656555
    153,   25.8670387,     -5.03336
    154,   2.81970668,  -5.02629232
    155, -0.0670350268,  -5.03334093
    156,   17.2231407,  -5.03378391
    157,   -17.318119,   -5.0185771
    158,   31.6354218,  -5.03347111
    159,   34.5170631,  -5.03453636
    160,   37.3953629,  -5.03758717
    161,    5.6870532,  -5.03664112
    162,   8.56750202,  -5.04198122
    163,   11.4524593,  -5.03969812
    164,   14.3409472,  -5.04363394
    165,  -14.4796581,  -4.99538183
    166,  -5.82583189,  -5.03090096
    167,  -8.72267056,  -5.03873587
    168,  -11.6336737,  -5.04169226
    169,   20.1178246,  -5.04832077
    170,  -2.97049975,  -5.04550743
    171,   43.0748634,  -5.13740921
    172,   40.2818832,   -5.0720005
    173,   28.7806091,  -5.04931021
    174,   33.6782608,  -12.8502398
    175,   39.5908051,  -12.8509226
    176,   42.6007309,  -12.7152414
    177,  -16.8291321,  -12.5740814
    178,  -20.2739258,  -12.1335354
    179,  -13.8012686,  -12.7511063
    180,   24.7680511,  -12.8474722
    181,   27.7376823,  -12.8487091
    182,   1.02656472,  -12.8499126
    183,  -1.93743801,  -12.8483353
    184,    4.0031662,  -12.8464966
    185,   6.97047567,  -12.8470097
    186,   9.93655586,  -12.8459053
    187,   12.9026289,   -12.846014
    188,    15.869648,  -12.8481674
    189,   18.8372822,  -12.8486309
    190,   21.7930088,  -12.8427172
    191,  -10.8295851,  -12.8281403
    192,  -7.85752439,  -12.8421183
    193,  -4.88804626,  -12.8433676
    194,   30.6933746,  -12.8460989
    195,   46.0519447,  -12.2680702
    196,   36.6207085,  -12.8449335
    197,  -23.3519573,  -12.9681816
    198,   49.1445961,  -13.0202751
    199,   49.2025337,  -4.94876719
    200,   46.3179588,  -8.87548351
    201,  -20.5654221,  -8.71439075
    202,  -20.5109272,  -5.50051308
    203,   46.2714615,  -5.60529184
    204,  -23.4391785,  -4.91106415
    205,   44.2365036,  -7.43720484
    206,   24.5502033,  -7.62878418
    207,   21.6458206,  -7.63916254
    208,   36.2143478,  -7.63373375
    209,   1.24441397,   -7.6314044
    210,   12.8966179,  -7.63818598
    211,   4.15494919,  -7.63489246
    212,   7.06573248,  -7.64217377
    213,   9.98083591,  -7.64377451
    214,   15.8172827,  -7.64411402
    215,   18.7366085,  -7.64646292
    216,   33.3148232,  -7.64056492
    217,   39.0989265,  -7.64718533
    218,  -1.67813122,  -7.63919973
    219,  -4.59185982,  -7.63938999
    220,  -7.49918032,  -7.63677263
    221,  -10.4251642,  -7.63843346
    222,  -13.3231039,  -7.54707575
    223,   27.4885654,  -7.64358997
    224,   30.4067745,  -7.64691782
    225,  -16.0836048,  -7.40605736
    226,   41.8626556,  -7.58221722
    227,    29.093586,  -10.2476101
    228, -0.349155992,  -10.2452822
    229,   34.9776306,  -10.2446194
    230,   14.3739357,  -10.2463446
    231,   17.3198318,  -10.2484007
    232,   37.8916054,  -10.2471342
    233,   20.2565842,  -10.2442656
    234,   26.1408405,  -10.2427311
    235,   2.60126972,  -10.2432919
    236,   5.54536963,  -10.2449341
    237,   8.48750877,  -10.2447777
    238,   11.4296808,  -10.2441673
    239,   23.1924171,  -10.2408552
    240,  -12.1076441,  -10.1676416
    241,  -3.28740525,   -10.244772
    242,  -6.22030783,  -10.2416658
    243,   32.0274086,  -10.2460079
    244,  -9.15656757,  -10.2257957
    245,  -15.0039167,  -10.0182705
    246,   40.7802124,  -10.1634655
    247,   43.6416664,  -9.84028053
    248,  -17.8648472,  -9.67674351
    249,  -18.4685841,  -7.26325655
    250,   8.32088947,   7.07233429
    251,   6.08980656,   9.15341473
    252,   10.2667055,    4.8316679
    253,   7.01523113,    4.6729784
    254,   5.48513508,   6.92974567